{
  "ver": "1.0.2",
  "importer": "particle",
  "imported": true,
  "uuid": "a01d3da8-0102-4a01-96eb-07d528762983",
  "files": [
    ".json",
    ".plist"
  ],
  "subMetas": {},
  "userData": {
    "totalParticles": 77,
    "life": 1.175051212310791,
    "lifeVar": 0.7249656915664673,
    "emissionRate": 65.52905881316954,
    "duration": -1,
    "srcBlendFactor": 770,
    "dstBlendFactor": 771,
    "startColor": {
      "_val": 2134605053,
      "r": 238.35671067237854,
      "g": 249.59041267633438,
      "b": 233.27417939901352,
      "a": 255
    },
    "startColorVar": {
      "_val": 0,
      "r": 0,
      "g": 0,
      "b": 0,
      "a": 0
    },
    "endColor": {
      "_val": 0,
      "r": 0,
      "g": 0,
      "b": 0,
      "a": 0
    },
    "endColorVar": {
      "_val": 0,
      "r": 0,
      "g": 0,
      "b": 0,
      "a": 0
    },
    "startSize": 3.3122658729553223,
    "startSizeVar": 5,
    "endSize": 103.40135192871094,
    "endSizeVar": 0,
    "positionType": 0,
    "sourcePos": {
      "x": 0,
      "y": 0
    },
    "posVar": {
      "x": 0,
      "y": 7
    },
    "angle": 270,
    "angleVar": 29.941011428833008,
    "startSpin": 41.726829528808594,
    "startSpinVar": 253.6255645751953,
    "endSpin": 0,
    "endSpinVar": 0,
    "emitterMode": 0,
    "gravity": {
      "x": 0,
      "y": 0
    },
    "speed": 98.71053314208984,
    "speedVar": 0,
    "radialAccel": 50.240234375,
    "radialAccelVar": 0,
    "tangentialAccel": 12.5185546875,
    "tangentialAccelVar": 0,
    "rotationIsDir": false,
    "startRadius": 0,
    "startRadiusVar": 0,
    "endRadius": 0,
    "endRadiusVar": 0,
    "rotatePerS": 0,
    "rotatePerSVar": 0,
    "spriteFrameUuid": ""
  }
}
